40798
49290
19492
48459
9672
31030
8635
30281
42332
26057
40621
45003
39938
27724
26670
35765
43098
28053
48008
41952
27707
11894
23749
23383
30251
25616
39359
13992
47649
39454
29544
28965
43049
33183
1474
40994
28153
38582
23270
42723
31571
34245
37445
31075
38351
48924
49513
42068
8414
43281
34231
30913
13230
23992
47816
959
42721
35435
49702
37246
44458
47849
45419
32989
17214
32480
43121
27475
40380
42156
47706
29730
31339
32597
27095
71
34140
24909
43158
15023
2544
46506
30300
30189
44799
26125
33743
43899
32348
45141
39224
43280
25522
37974
44251
40398
43286
36048
42866
17281
13987
13420
26534
24607
31185
47334
7181
30871
38105
39411
29486
22989
24040
38133
45063
31191
37767
18935
28330
42390
17810
22987
34845
25808
11493
45113
27447
16193
28102
45702
29383
42845
37305
23076
26308
26609
47943
28079
46513
38108
25880
25602
44891
34045
47344
23268
49942
29446
17127
48689
8514
41933
31846
32045
12517
7843
35721
25520
47811
42392
35727
49777
47431
17241
46275
17086
38888
31132
40144
37234
38640
45311
47916
38141
27013
48866
13997
2061
41744
24164
554
28449
36046
48418
35256
31718
38982
33560
46738
32179
33747
33350
22475
43241
20294
24375
35876
26783
48410
30314
42429
40841
39928
7881
46721
24382
27650
24594
27577
25995
42965
27015
27906
34852
28809
24507
27222
10865
35420
48162
45448
32186
34163
42149
32667
37792
33451
29316
31751
46983
45352
37626
41372
31379
394
46108
24479
12574
44211
30122
24527
38719
28857
27157
41618
39320
36863
33153
29361
33266
36793
30205
31604
49239
35611
30772
45575
24177
44007
39345
41020
43897
39953
44590
27122
27385
44854
24912
1898
19732
30608
25192
45038
2430
11072
24996
49739
17255
30389
31483
25744
49840
39413
28036
27436
29586
5893
26597
19417
25381
22639
24700
32699
48402
26253
48416
31970
41390
26701
31085
47976
24413
36173
39239
37185
33871
39627
31139
33923
12069
27221
41819
13996
32210
29648
8696
28694
36577
31598
42650
12573
32219
31863
37189
40558
24860
40248
29574
22901
49374
49350
40254
49264
31129
39553
36896
33424
6485
12147
26977
40970
48429
40761
32816
27258
38558
22966
25010
45789
42549
26915
10536
39103
30525
20986
36955
45025
31209
30724
25627
33913
38655
22448
42655
6025
25085
42247
40809
42762
1650
25585
17518
800
42980
263
39491
32897
36037
35013
38666
12269
41814
39732
33391
8470
44792
32809
40354
27093
40679
31517
38196
26007
31172
49181
43965
36319
452
40920
47624
42802
47197
44513
45384
49621
29005
42792
35953
40056
38078
47446
43882
46924
46087
42666
21908
35637
14740
25666
25424
40745
48707
4572
33372
45254
34235
41888
36360
11496
26792
30086
40081
28349
11431
47677
34047
26682
33665
26542
39374
31351
17993
48316
29465
38601
35146
30844
28662
21769
37486
17
45010
36350
28511
17877
8464
24916
35867
36478
23892
33226
42921
39922
13549
35814
43382
30982
18431
35991
41471
37515
47008
37572
10881
31342
49397
9585
421
46465
32254
25779
7777
24705
24721
49542
952
32490
18211
45689
1333
33791
39871
23755
47934
23202
36540
30437
35397
34575
42876
24315
37465
48142
24720
31758
9109
6007
9503
4423
10471
29252
11437
33658
33567
31280
35289
16596
43981
32722
43403
41979
19632
40835
36006
44858
27526
44388
29790
11498
31076
29531
43718
36585
29923
33449
40349
47723
26499
46236
35221
29105
25465
22964
32366
37800
38234
29414
19730
40581
32059
26495
27775
48156
44302
24285
37845
7302
8720
42776
43080
26993
12509
34570
40866
26160
7698
43231
7858
24586
13239
19625
39117
33897
33953
21881
40997
34185
31559
7657
45169
40498
27335
26986
30061
30607
23565
46857
35488
26045
24362
38791
49829
38291
45904
41066
49956
21063
31134
47474
22628
45159
40005
47887
26743
14016
1570
41919
37031
31264
589
44305
20960
44533
16256
30672
32182
38233
48969
43128
36317
25427
25816
33864
41487
48421
44109
23137
47864
42456
29112
38962
21912
26640
47914
21788
41567
29760
30296
23248
8334
45798
1643
2329
12569
30813
34104
12880
47546
33599
32281
39958
30782
28518
353
29842
23987
49633
34059
33044
49670
32845
33614
26023
42695
19748
24254
40868
41967
26463
25708
11064
40389
28657
18034
45201
35264
47458
34558
36957
7263
39395
29722
34980
24430
31703
36347
1861
11452
45165
46841
22845
48367
20914
36690
34905
28622
46470
29392
31216
39787
38660
45945
36610
34920
8436
8479
17175
27053
32391
39183
48875
36021
32406
212
43447
49220
35777
40765
29337
27788
31000
45532
43791
30847
37954
29503
44282
25870
35678
25512
36538
43126
21942
39498
11271
36642
45336
46685
44065
37053
43298
28902
46464
32128
49206
11881
48022
41172
10433
41099
42939
17392
205
33926
633
44073
30937
5886
6957
34973
49601
10875
35113
37415
40636
19079
32673
42668
25846
40918
38048
45185
39686
21967
39529
15
8970
43616
30585
44685
45251
39063
42959
45474
32353
29145
32193
37414
11245
26515
30161
31072
43984
13272
34120
32218
47930
45684
41278
42477
46020
26888
37340
45463
24257
8355
45146
49177
31017
48159
29160
24804
36729
32620
17128
30738
1439
39767
41705
28923
24186
37085
24807
39734
29721
42100
30272
15711
39980
30305
48218
25061
49684
568
40301
31003
28175
43811
34707
47915
16032
31259
32343
23329
32358
49714
31678
25172
27024
46739
41430
44833
31287
37307
43200
48141
49295
10526
30631
38586
40751
39079
7158
23945
24438
45784
37579
29183
34048
33575
43427
43043
31122
29712
46086
34092
28196
47408
49371
49918
27410
37401
33801
48830
26799
3903
44093
48125
29987
21969
25188
24712
9976
33270
43929
45075
19650
45092
29144
17664
40829
38337
28509
24258
15713
25251
32767
37487
43680
48760
39963
10985
38607
33404
37573
23919
29114
23378
47148
42669
39517
40779
44311
18000
5930
28610
46940
44382
27737
37011
31656
46799
44314
30598
38867
45576
30960
36553
39758
48887
39859
27006
29628
31118
26667
41818
28956
26203
39875
46370
27173
44158
29876
37059
30367
46696
39307
7823
22775
24937
33378
21853
38068
34672
28315
36422
12168
23799
41214
30968
37595
30003
49656
36176
43735
42256
4618
39317
38375
27080
28385
24385
43214
41854
35135
43530
45050
31188
44254
31448
39062
27634
33757
25575
37403
34341
33673
37055
31891
41144
14051
31999
27423
46928
27765
38149
31376
25623
34056
41644
33970
1947
48057
12486
42207
31618
49469
11572
36415
24293
42909
27819
261
48598
23739
34000
43551
27701
22833
32958
25154
29421
23941
30416
44651
41522
31399
39170
35301
35462
40456
28749
21775
32966
47964
38504
46146
41091
7503
42946
11595
29891
27599
38427
24147
19976
29780
1563
37643
42811
43733
31231
27470
39532
31237
46906
30008
33366
26016
15026
39659
10116
35664
23711
32159
43513
37551
10475
48186
30370
20
583
35102
36996
29717
28913
24717
30553
29700
28059
41856
25036
42819
35833
49474
2339
42062
49135
12268
35954
46187
42315
26879
36706
24790
47501
17421
36392
35946
38574
18041
38729
45212
39453
28392
31779
25262
1249
42806
44729
39209
25208
278
48666
34990
29543
1226
673
23969
47421
37361
39382
44180
24098
42042
26287
28706
35089
42575
11247
10469
31161
41518
22919
49405
47183
31874
19628
24331
27633
20910
35992
49099
11397
48292
32441
24645
45925
43405
40196
8023
40486
48439
43264
46507
22578
36974
35127
45647
49940
17167
28722
44498
28821
46381
26021
7883
31500
33072
25125
47037
31101
49701
34597
8326
7589
21006
17287
40556
30034
46405
36284
37050
17807
41827
22044
701
36531
30143
28754
43178
30390
49550
47367
44560
42997
1647
31563
30052
17944
29020
34447
44392
47267
37998
27576
24501
41675
21781
30920
39129
44455
40223
37435
12497
34330
19021
31830
21933
18976
36154
41543
25379
44030
39742
30387
6111
47773
38372
24208
366
24830
39534
25441
47751
31010
48462
35090
48247
43070
48250
25528
38685
32435
49377
31184
33306
6221
47214
44446
8232
13619
44595
44277
39603
37519
14702
26802
29365
12073
32752
42697
30116
25787
34794
44899
32448
42319
10891
46460
33327
30546
33588
23588
46526
40911
47120
20791
26262
26980
27908
32329
33239
27859
34465
29592
36565
30661
38464
1007
9982
26024
7315
43623
29171
13832
38467
48468
31824
41062
32061
49895
38412
46540
34660
27421
34499
29917
41667
392
37296
25730
23811
34730
44542
28592
26590
26733
23483
25182
45149
27820
29601
27978
43788
42299
45184
7199
43270
35476
706
47922
38474
38787
38597
21057
41904
48630
39604
46401
36932
38573
26660
10435
36560
45445
20811
36301
37227
35095
43443
40599
30788
45573
28560
23999
37142
40689
39954
23612
17863
30001
34194
33273
48164
34354
47073
36249
30101
37171
8458
38132
49352
23660
32779
31106
41494
24771
31577
24325
47298
34710
31251
42800
17246
38588
11489
45471
39008
27465
30686
31996
42642
33456
10849
27283
48818
38317
35320
26505
17874
40452
32253
14350
41887
27281
40716
36808
24762
11792
37302
32508
37934
24226
38448
40213
29552
43262
46114
31857
11700
27275
26782
33835
47496
12508
385
11494
30794
32786
31375
31847
37722
42597
29863
13438
42124
32957
32112
41997
31295
516
43410
9501
38190
27524
43257
10426
38202
49040
32225
18901
34016
37094
17803
10961
49547
44512
34453
35502
38294
37012
47621
47878
32214
23
24977
32737
23368
26444
36636
44806
33885
6099
27867
29161
45153
30284
47749
37971
36477
31653
45558
47810
31764
41742
28002
42119
30647
34783
40594
35726
30869
11878
39341
49817
41761
26246
48474
8675
24932
43323
35018
33562
27635
40510
26881
16012
23607
34667
27513
24481
30
29052
45412
10480
46432
25614
47632
29429
36495
28443
23363
47924
48800
39777
31637
20972
45262
24760
48194
23801
43533
45722
32707
27760
34372
49343
16236
41404
36838
11890
33225
42525
46066
10537
34550
6768
42009
7601
38148
28094
29892
29584
34067
37955
45563
33105
44247
48319
42306
40943
40575
41700
33626
26460
49158
38556
26720
26919
31833
7196
49610
24274
29960
34699
24440
28545
43494
44297
40541
48998
8098
28107
14076
47470
28665
33823
41419
44785
38815
9270
37331
46990
42781
29224
45171
33763
407
26634
29754
24158
35253
26604
40956
49222
46398
47187
31022
508
49602
7650
38536
43265
30172
31371
8359
37688
33216
49735
7893
35451
33713
46023
8540
46124
33813
41616
13267
10896
24805
33776
35665
11716
26201
29515
39299
44386
35268
24623
40813
28122
28697
45790
47571
41359
26605
45868
48604
35179
34190
47131
522
31588
49219
47829
30796
24958
32970
46191
35129
48284
39526
26268
32580
31490
34547
45028
28709
49566
37707
35423
21059
37324
30965
21008
457
34600
22835
11484
17398
28211
9232
27792
44647
332
24856
29715
29512
28941
42526
34838
44706
32898
42645
44069
44395
40369
49599
28016
48021
33045
45381
12313
28338
31068
38708
31549
48950
42699
28624
12154
36483
34482
35544
48648
40887
40574
49748
47515
44394
40466
48876
43127
30594
33258
32401
29705
30364
33261
34965
38107
7403
39617
31782
33598
38251
36587
25478
46297
31265
40547
31734
41771
36666
26202
36267
